(6_w,12)-aCMA-ES (mu_w=3.7,w_1=40%) in dimension 20 (seed=1, Thu Nov 12 13:15:04 2020)
Iterat #Fevals   function value  axis ratio  sigma  min&max std  t[m:s]
    1     12 2.090507286056010e+00 1.0e+00 4.74e-01  5e-01  5e-01 0:00.4
    2     24 1.695348336160404e+00 1.1e+00 4.69e-01  5e-01  5e-01 0:00.5
    3     36 1.880596378762989e+00 1.2e+00 4.71e-01  5e-01  5e-01 0:00.5
   99   1188 1.397381786770442e+00 2.5e+00 1.72e-01  1e-01  2e-01 0:03.5
  100   1200 1.544249994349842e+00 2.4e+00 1.71e-01  1e-01  2e-01 0:03.6
  200   2400 4.512622861926965e-01 3.1e+00 1.87e-02  1e-02  2e-02 0:06.8
  300   3600 3.030594837424362e-01 2.9e+00 9.81e-04  5e-04  9e-04 0:09.9
xbest
[0.79310954 0.05456209 0.94264923 0.19389686 0.06422026 0.20750468
 0.80695599 0.27023486 0.99721512 0.80309784 0.36065635 0.92860295
 0.52172349 0.26251212 0.33446547 0.29710956 0.06281994 0.65147804
 0.28484264 0.7493763 ]
