(6_w,12)-aCMA-ES (mu_w=3.7,w_1=40%) in dimension 20 (seed=2, Thu Nov 12 13:15:04 2020)
Iterat #Fevals   function value  axis ratio  sigma  min&max std  t[m:s]
    1     12 1.521512281921196e+00 1.0e+00 4.79e-01  5e-01  5e-01 0:00.4
    2     24 1.605122199427722e+00 1.1e+00 4.55e-01  4e-01  5e-01 0:00.5
    3     36 1.694137669346973e+00 1.1e+00 4.51e-01  4e-01  5e-01 0:00.5
  100   1200 1.375419824803389e+00 2.4e+00 2.22e-01  2e-01  3e-01 0:03.5
  200   2400 5.567124920151937e-01 2.7e+00 9.31e-03  5e-03  1e-02 0:06.6
  300   3600 4.896174209985942e-01 3.1e+00 2.45e-04  1e-04  3e-04 0:09.7
xbest
[0.27433232 0.75471069 0.99519044 0.80294376 0.36065682 0.92811197
 0.31439553 0.73799919 0.29091037 0.26231814 0.96264843 0.2807417
 0.06279279 0.65186668 0.80696753 0.27012354 0.87376273 0.11852988
 0.52187393 0.2622347 ]
